<?xml version="1.0"?>
<opencv_storage>
<classifications type_id="opencv-matrix">
  <rows>104</rows>
  <cols>1</cols>
  <dt>i</dt>
  <data>
    90 84 82 80 77 70 69 68 66 65 89 88 87 86 85 83 81 79 78 76 75 74 85
    72 71 67 82 80 77 68 66 65 90 89 88 87 86 85 84 83 81 79 78 76 75 74
    73 72 71 70 69 67 90 89 88 87 86 85 84 82 80 78 77 76 75 74 73 72 70
    69 68 66 65 83 81 79 71 67 82 80 77 68 66 65 90 89 88 87 86 85 84 83
    81 79 78 76 75 74 73 72 71 70 69 67</data></classifications>
</opencv_storage>
